mer1351
1
-286 3304 1157
2
-323 3290 278
3
1250 3407 255
4
1226 3420 1151
mer1353
1
-1368 3361 1193
2
-1403 3332 292
3
154 3480 254
4
146 3486 1152
mer1355
1
-1133 3129 1159
2
-1176 3106 277
3
59 4099 253
4
47 4066 1164
mer1356
1
82 3773 1145
2
46 3771 246
3
1317 2843 251
4
1300 2854 1155
mer1358
1
-608 5019 1186
2
-523 5001 319
3
1062 4793 476
4
890 4784 1389
mer1359
1
-1649 5482 1152
2
-1512 5396 277
3
-68 4889 684
4
-272 4995 1520
mer1401
1
-771 5375 1163
2
-658 5234 324
3
391 4122 651
4
237 4273 1505
mer1403
1
-670 4005 1154
2
-508 4006 280
3
1032 4007 668
4
839 4066 1505
mer1405
1
-329 3911 1140
2
-206 4071 250
3
908 5123 693
4
736 4954 1525
mer1407
1
29 4598 1246
2
-180 4759 -336
3
655 4270 -353
4
826 4152 1138
mer1409
1
-485 3264 1241
2
-690 3117 -204
3
220 3258 -282
4
424 3382 1148
mer1410
1
-546 2756 687
2
-546 2756 687
3
957 3045 362
4
957 3045 362
mer1412
1
-661 3064 630
2
-661 3064 630
3
765 3580 308
4
765 3580 308
mer1414
1
-1133 4258 682
2
-1133 4258 682
3
334 4790 367
4
334 4790 367
mer1416
1
-713 2290 610
2
-713 2290 610
3
809 2499 629
4
809 2499 629
mer1417
1
-841 3002 141
2
-841 3002 141
3
657 3308 124
4
657 3308 124