PointCloudFrame0076_1758610427.982446.pcd
1
-519.4782018661499 6654.010772705078 -276.93095803260803
2
-521.868646144867 6630.045413970947 -1142.6525115966797
3
967.9937958717346 6404.872894287109 -1156.2846899032593
4
958.6857557296753 6399.017333984375 -268.4738039970398
PointCloudFrame0088_1758610428.581966.pcd
1
-512.1874809265137 6635.1213455200195 -261.5838050842285
2
-521.868646144867 6630.045413970947 -1142.6525115966797
3
966.8169617652893 6397.085666656494 -1154.878854751587
4
941.3965344429016 6386.000156402588 -253.728449344635
PointCloudFrame0109_1758610429.631887.pcd
1
-515.9278512001038 6619.351387023926 -246.47100269794464
2
-521.868646144867 6630.045413970947 -1142.6525115966797
3
965.6400084495544 6389.298439025879 -1153.4730195999146
4
967.262327671051 6406.3873291015625 -254.67106699943542
PointCloudFrame0127_1758610430.531156.pcd
1
-492.52215027809143 6617.125511169434 -246.3226020336151
2
-521.868646144867 6630.045413970947 -1142.6525115966797
3
968.582272529602 6408.766269683838 -1156.9875478744507
4
976.775050163269 6367.979526519775 -267.31300354003906
PointCloudFrame0163_1758610432.330879.pcd
1
-548.4335422515869 6511.900424957275 -256.8705976009369
2
-570.3569054603577 6511.743545532227 -1166.8282747268677
3
976.2320518493652 6459.3825340271 -1166.1252975463867
4
960.6324434280396 6516.488075256348 -258.91298055648804
PointCloudFrame1698_1758610509.049269.pcd
1
5674.929618835449 550.9439706802368 -549.2027401924133
2
5572.046279907227 562.8983974456787 -1413.3754968643188
3
5388.638973236084 -925.1621961593628 -1416.528344154358
4
5478.041172027588 -924.1481423377991 -522.8936076164246
PointCloudFrame1784_1758610513.347151.pcd
1
5230.834007263184 479.7002971172333 -494.40616369247437
2
5482.90491104126 573.3287930488586 -1317.298412322998
3
5778.253555297852 -888.4267807006836 -1436.2744092941284
4
5536.770343780518 -976.9124984741211 -578.7258148193359
PointCloudFrame1812_1758610514.746354.pcd
1
5631.258964538574 542.0154333114624 -507.4845552444458
2
5660.687446594238 610.2620363235474 -1436.8665218353271
3
5676.283359527588 -903.7959575653076 -1450.5696296691895
4
5687.233448028564 -938.2053017616272 -567.8135752677917
PointCloudFrame1850_1758610516.645596.pcd
1
5732.6154708862305 545.9022521972656 -542.0101284980774
2
5883.026123046875 624.4590282440186 -1453.452467918396
3
5650.960445404053 -929.6334385871887 -1483.7431907653809
4
5721.689224243164 -941.6375756263733 -584.0976238250732
PointCloudFrame2462_1758610547.232817.pcd
1
2130.0597190856934 -5772.397994995117 -619.7769641876221
2
2157.7160358428955 -5662.636756896973 -1488.7628555297852
3
642.632246017456 -5848.672389984131 -1563.2665157318115
4
753.6648511886597 -5931.07271194458 -668.2982444763184
PointCloudFrame2475_1758610547.882505.pcd
1
1811.3410472869873 -5853.785991668701 -630.7414770126343
2
1784.492015838623 -5888.578414916992 -1511.6668939590454
3
274.7400104999542 -5918.022155761719 -1534.9067449569702
4
291.4903461933136 -5872.154235839844 -657.1895480155945
PointCloudFrame2609_1758610554.580324.pcd
1
-1170.8948612213135 -5987.957000732422 -722.5740551948547
2
-1196.9226598739624 -5973.901748657227 -1618.7306642532349
3
-2638.5185718536377 -5571.2571144104 -1597.105622291565
4
-2664.2417907714844 -5594.717502593994 -733.8643074035645
PointCloudFrame3246_1758610586.417042.pcd
1
-6366.355419158936 -1780.8455228805542 -418.9216196537018
2
-6322.275161743164 -1734.6760034561157 -1302.1513223648071
3
-6351.940631866455 -227.26063430309296 -1219.8306322097778
4
-6325.045585632324 -281.47178888320923 -331.9178819656372
PointCloudFrame3264_1758610587.316703.pcd
1
-6669.480800628662 -1182.2741031646729 -444.071888923645
2
-6633.99600982666 -1127.8959512710571 -1291.452407836914
3
-6691.301345825195 378.8612484931946 -1241.2949800491333
4
-6654.68692779541 329.7208547592163 -349.2990732192993
PointCloudFrame3273_1758610587.766495.pcd
1
-6717.865943908691 -881.4558982849121 -473.9014506340027
2
-6706.262111663818 -818.4877634048462 -1341.8937921524048
3
-6856.634140014648 647.4541425704956 -1229.3871641159058
4
-6846.55237197876 610.9444499015808 -375.3949999809265
