PointCloudFrame0288_1757573030.666017.pcd
1
3304.2960166931152 8499.521255493164 295.18407583236694
2
3301.947832107544 8535.964965820312 -600.0335216522217
3
4556.4069747924805 7720.491886138916 -587.7345204353333
4
4518.503665924072 7689.370632171631 307.39355087280273
PointCloudFrame0413_1757573036.913368.pcd
1
-245.01504004001617 8817.117691040039 247.76367843151093
2
-297.01706767082214 8849.142074584961 -677.3957014083862
3
1196.397304534912 9080.268859863281 -680.6061267852783
4
1191.4304494857788 9062.942504882812 237.2867614030838
PointCloudFrame0488_1757573040.662550.pcd
1
-326.94974541664124 8870.986938476562 230.43596744537354
2
-358.9460253715515 8900.203704833984 -661.9309782981873
3
1129.341959953308 9066.192626953125 -659.0588688850403
4
1095.4517126083374 9087.126731872559 237.59816586971283
PointCloudFrame0705_1757573051.507823.pcd
1
-856.2783598899841 6046.962738037109 93.27549487352371
2
-884.7396373748779 6108.15954208374 -772.0287442207336
3
588.9551043510437 6279.291152954102 -788.9091372489929
4
594.6851372718811 6234.7588539123535 108.77533257007599
PointCloudFrame0706_1757573051.557769.pcd
1
-877.3810267448425 6043.937206268311 93.27549487352371
2
-883.601725101471 6100.303649902344 -771.0357904434204
3
590.0670289993286 6291.146278381348 -790.3985977172852
4
592.786431312561 6214.851856231689 108.42803120613098
PointCloudFrame0707_1757573051.607735.pcd
1
-880.2539110183716 6063.727378845215 93.58091652393341
2
-885.3086233139038 6112.087726593018 -772.5252509117126
3
590.0670289993286 6291.146278381348 -790.3985977172852
4
599.2797613143921 6178.279876708984 94.8026031255722
PointCloudFrame0742_1757573053.357044.pcd
1
-890.5099630355835 6066.0600662231445 106.48313164710999
2
-886.4465355873108 6119.943618774414 -773.5182046890259
3
587.1018767356873 6259.532451629639 -786.4267230033875
4
572.186529636383 6228.831768035889 108.63640904426575
PointCloudFrame0744_1757573053.457016.pcd
1
-872.675895690918 6044.158458709717 119.38968300819397
2
-933.9208006858826 6144.998073577881 -777.4900197982788
3
587.4724984169006 6263.484001159668 -786.9231700897217
4
572.918176651001 6236.796855926514 108.77533257007599
PointCloudFrame1689_1757573100.689719.pcd
1
2682.2402477264404 -6718.430042266846 -379.24498319625854
2
2670.830249786377 -6705.936431884766 -1240.1878833770752
3
1356.7566871643066 -7386.741161346436 -1240.0884628295898
4
1369.5672750473022 -7393.546581268311 -361.3075315952301
PointCloudFrame1804_1757573106.437025.pcd
1
3510.303258895874 -6436.23161315918 -432.4721395969391
2
3487.610101699829 -6354.567050933838 -1342.5507545471191
3
2240.42010307312 -7192.763805389404 -1294.3741083145142
4
2261.552572250366 -7217.795372009277 -429.6334981918335
PointCloudFrame1949_1757573113.684531.pcd
1
5799.73030090332 -4038.175582885742 -355.0325334072113
2
5769.933700561523 -3979.551315307617 -1251.1773109436035
3
4913.863182067871 -5195.21427154541 -1276.482105255127
4
4975.3313064575195 -5267.951965332031 -379.87321615219116
PointCloudFrame1953_1757573113.884477.pcd
1
5816.318511962891 -4047.9183197021484 -371.4967370033264
2
5766.6916847229 -3977.3154258728027 -1250.4743337631226
3
4924.685955047607 -5206.656932830811 -1279.2936563491821
4
4983.559131622314 -5276.663780212402 -380.5014491081238
PointCloudFrame1981_1757573115.283981.pcd
1
5822.876453399658 -4052.4821281433105 -371.9155788421631
2
5747.2429275512695 -3963.9015197753906 -1246.256947517395
3
4924.685955047607 -5206.656932830811 -1279.2936563491821
4
4980.81636428833 -5273.7603187561035 -380.29202818870544
PointCloudFrame1989_1757573115.683926.pcd
1
5786.616325378418 -4029.0446281433105 -354.22974824905396
2
5766.6916847229 -3977.3154258728027 -1250.4743337631226
3
4921.980381011963 -5203.79638671875 -1278.5907983779907
4
4983.559131622314 -5276.663780212402 -380.5014491081238
PointCloudFrame2131_1757573122.781759.pcd
1
6608.853340148926 -460.90447902679443 -202.5221884250641
2
6534.482955932617 -410.2247655391693 -1081.0860395431519
3
6345.926284790039 -1853.7158966064453 -1135.8792781829834
4
6418.237686157227 -1906.4244031906128 -248.54840338230133
PointCloudFrame2152_1757573123.831146.pcd
1
6593.689441680908 -441.5375888347626 -216.4512276649475
2
6512.344837188721 -396.4492976665497 -1120.9781169891357
3
6349.710464477539 -1854.8213243484497 -1136.556625366211
4
6391.415119171143 -1898.4572887420654 -247.509703040123
PointCloudFrame2159_1757573124.180947.pcd
1
6565.76681137085 -439.66782093048096 -215.53461253643036
2
6512.344837188721 -396.4492976665497 -1120.9781169891357
3
6357.278823852539 -1857.032060623169 -1137.911319732666
4
6439.265251159668 -1917.8885221481323 -264.09754157066345
PointCloudFrame2215_1757573126.979847.pcd
1
6598.453521728516 -437.0397627353668 -202.15553045272827
2
6530.544757843018 -409.977525472641 -1080.4344415664673
3
6353.495121002197 -1855.926752090454 -1137.2339725494385
4
6429.831981658936 -1933.4052801132202 -278.5892188549042
