mer112700 
1
-232 3470 1232
2
1305 3362 1176
3
1306 3365 317
4
-270 3484 334
mer112915 
1
-202 3835 1254
2
805 2736 1207
3
834 2736 303
4
-230 3872 359
mer112955 
1
-180 2692 1220
2
845 3776 1229
3
847 3833 347
4
-236 2705 336
mer113000 
1
-386 2637 1221
2
1063 3069 1177
3
973 3394 348
4
-526 2945 392
mer113100 
1
123 4492 1211
2
1621 4728 1528
3
1847 4733 652
4
308 4509 325
mer113209 
1
-205 4434 1254
2
1262 4890 1216
3
1391 4598 375
4
-143 4084 376
mer113246 
1
35 3655 1202
2
1000 4834 1187
3
1292 4640 392
4
285 3408 332
mer113400 
1
-563 3197 1517
2
276 3530 1202
3
-85 2991 -152
4
-907 2723 157
mer113600 
1
-583 2900 1238
2
946 2707 1209
3
927 2695 353
4
-627 2907 367
mer113700 
1
-8 3984 1226
2
712 2672 1208
3
739 2688 334
4
-39 4021 359
mer113806 
1
-1605 3454 1273
2
-107 3641 1247
3
-98 3646 344
4
-1649 3478 356
mer113838 
1
-1723 4444 1160
2
-204 4666 1141
3
-1708 3961 413
4
-144 4160 346
mer114204 
1
-156 3878 867
2
1280 3215 906
3
1246 3175 3
4
-144 3808 -28
mer114259 
1
79 3321 508
2
1524 3642 1065
3
1810 3675 255
4
444 3343 -301
mer114500 
1
-887 2511 1177
2
340 3324 1570
3
557 3407 714
4
-729 2612 325