PointCloudFrame080_1757736175.826816.pcd
1
-248.90516698360443 7870.214939117432 170.71352899074554
2
-267.44842529296875 7874.990463256836 -758.9889764785767
3
1224.2608070373535 7591.934680938721 -723.8046526908875
4
1189.6123886108398 7520.7061767578125 165.07798433303833
PointCloudFrame089_1757736176.276849.pcd
1
-248.90516698360443 7870.214939117432 170.71352899074554
2
-253.74457240104675 7900.989055633545 -744.0457344055176
3
1223.4114408493042 7580.748081207275 -756.4312219619751
4
1203.3579349517822 7607.605934143066 166.9854074716568
PointCloudFrame094_1757736176.526911.pcd
1
-248.525932431221 7858.223438262939 170.45342922210693
2
-253.10540199279785 7881.086826324463 -742.1715259552002
3
1220.2403545379639 7561.099052429199 -754.4705271720886
4
1200.8692026138306 7591.804504394531 166.6385978460312
PointCloudFrame099_1757736176.776847.pcd
1
-249.89187717437744 7882.534027099609 154.18235957622528
2
-282.1729779243469 7923.933506011963 -746.2946772575378
3
1226.7968654632568 7607.66077041626 -725.3040075302124
4
1203.46999168396 7611.9794845581055 150.66398680210114
PointCloudFrame0107_1757736177.176622.pcd
1
-248.3995258808136 7854.227066040039 170.36673426628113
2
-267.71870255470276 7882.948398590088 -759.7559690475464
3
1225.9482145309448 7596.4674949646 -757.9997181892395
4
1221.4950323104858 7670.174598693848 134.8925232887268
PointCloudFrame1018_1757736230.805054.pcd
1
4419.839859008789 -976.5864610671997 -118.68661642074585
2
4404.597282409668 -877.7366876602173 -1012.8762722015381
3
4063.4865760803223 -2330.0511837005615 -1119.2853450775146
4
4147.058963775635 -2405.998468399048 -230.37675023078918
PointCloudFrame1729_1757736266.341347.pcd
1
-760.982096195221 -7569.849014282227 -348.9338457584381
2
-656.2988758087158 -7513.271331787109 -1245.301604270935
3
-2056.1094284057617 -6988.664150238037 -1300.3809452056885
4
-2123.767375946045 -7037.759780883789 -433.6498975753784
PointCloudFrame1998_1757736279.785352.pcd
1
-5569.003105163574 -7389.573097229004 -525.5864858627319
2
-5550.466537475586 -7335.310459136963 -1396.4134454727173
3
-6034.893035888672 -5927.577972412109 -1284.148097038269
4
-6081.863880157471 -5989.905834197998 -447.51325249671936
PointCloudFrame2234_1757736291.581357.pcd
1
-5751.120090484619 143.6890959739685 -188.4291023015976
2
-5761.228084564209 135.8691155910492 -1105.989933013916
3
-5481.295108795166 1654.305100440979 -1022.0291614532471
4
-5508.949279785156 1591.9077396392822 -137.84028589725494
