01.jpg
0
2574                1331
1
2573                1421
2
2727                1423
3
2726                1331
02.jpg
0
2574                1331
1
2573                1421
2
2727                1424
3
2726                1331
03.jpg
0
2574                1330
1
2573                1421
2
2726                1424
3
2725                1332
04.jpg
0
2574                1330
1
2572                1420
2
2724                1424
3
2723                1332
05.jpg
0
2574                1330
1
2573                1418
2
2720                1425
3
2720                1332
08.jpg
0
4000                1359
1
3989                1519
2
4264                1523
3
4268                1368
09.jpg
0
4098                1355
1
4087                1514
2
4356                1514
3
4358                1365
10.jpg
0
4325                1352
1
4317                1496
2
4542                1488
3
4542                1358
15.jpg
0
89                1337
1
82                1432
2
248                1448
3
255                1348
18.jpg
0
561                1345
1
559                1422
2
680                1431
3
680                1347
19.jpg
0
1006                1359
1
1006                1472
2
1207                1477
3
1205                1359
20.jpg
0
1374                1359
1
1373                1484
2
1593                1482
3
1591                1358
