01.jpg
0
2895                1315
1
2897                1395
2
3034                1392
3
3030                1312
02.jpg
0
2569                1323
1
2568                1404
2
2704                1401
3
2702                1321
03.jpg
0
2564                1322
1
2563                1405
2
2699                1401
3
2697                1322
04.jpg
0
2482                1341
1
2480                1457
2
2675                1451
3
2675                1338
05.jpg
0
2481                1340
1
2481                1455
2
2674                1450
3
2675                1339
06.jpg
0
2482                1341
1
2481                1455
2
2675                1451
3
2675                1339
07.jpg
0
2479                1340
1
2480                1454
2
2671                1451
3
2673                1339
08.jpg
0
2479                1337
1
2478                1452
2
2669                1451
3
2672                1338
11.jpg
0
4882                1344
1
4884                1443
2
5052                1434
3
5049                1337
12.jpg
0
4780                1348
1
4778                1446
2
4947                1442
3
4945                1345
13.jpg
0
4399                1351
1
4397                1453
2
4570                1449
3
4569                1349
14.jpg
0
4399                1351
1
4397                1453
2
4570                1449
3
4568                1349
15.jpg
0
4399                1351
1
4397                1453
2
4570                1449
3
4568                1349
16.jpg
0
4399                1351
1
4397                1453
2
4570                1449
3
4569                1349
17.jpg
0
3945                1350
1
3942                1460
2
4134                1461
3
4133                1351
18.jpg
0
3945                1350
1
3942                1462
2
4134                1461
3
4133                1351
19.jpg
0
3945                1351
1
3942                1461
2
4134                1461
3
4131                1352
20.jpg
0
3945                1350
1
3942                1461
2
4134                1461
3
4133                1351
