01.jpg
0
2533                1382
1
2532                1489
2
2720                1494
3
2719                1384
02.jpg
0
2532                1382
1
2531                1489
2
2720                1494
3
2719                1384
03.jpg
0
2531                1382
1
2531                1489
2
2720                1494
3
2719                1384
04.jpg
0
2532                1382
1
2531                1488
2
2720                1494
3
2718                1384
05.jpg
0
2528                1383
1
2528                1491
2
2718                1493
3
2718                1383
06.jpg
0
2562                1327
1
2524                1430
2
2699                1507
3
2741                1399
07.jpg
0
3814                1410
1
3810                1536
2
4025                1532
3
4023                1410
08.jpg
0
3816                1414
1
3810                1530
2
4021                1521
3
4037                1409
09.jpg
0
3815                1410
1
3811                1534
2
4027                1533
3
4027                1410
10.jpg
0
3816                1410
1
3812                1533
2
4028                1534
3
4027                1412
11.jpg
0
4909                1389
1
4906                1507
2
5115                1516
3
5117                1395
12.jpg
0
4941                1390
1
4940                1505
2
5144                1517
3
5145                1396
15.jpg
0
172                1404
1
174                1521
2
378                1514
3
377                1399
18.jpg
0
1095                1374
1
1097                1483
2
1284                1483
3
1281                1370
19.jpg
0
1165                1374
1
1166                1481
2
1354                1476
3
1350                1369
20.jpg
0
1196                1379
1
1199                1484
2
1381                1474
3
1376                1371
