51_50_011
0
246                31
1
235                228
2
567                238
3
559                52
53_44_232
0
23                43
1
6                226
2
331                234
3
333                44
55_33_879
0
52                24
1
33                222
2
309                239
3
311                76
56_50_042
0
324                59
1
319                237
2
628                229
3
613                18
58_46_560
0
218                106
1
233                236
2
464                203
3
439                69
59_51_758
0
85                127
1
102                242
2
293                181
3
261                56
01_17_922
0
201                119
1
216                239
2
373                168
3
341                25
03_19_994
0
182                72
1
214                232
2
491                166
3
448                17
06_20_734
0
246                69
1
273                232
2
433                187
3
411                56
07_54_865
0
310                84
1
277                325
2
414                355
3
452                87
09_12_995
0
200                8
1
139                342
2
348                377
3
394                44
11_02_431
0
160                111
1
160                111
2
530                208
3
530                208
12_12_972
0
145                142
1
145                142
2
461                229
3
461                229
14_52_679
0
113                169
1
113                169
2
353                227
3
353                227
16_57_184
0
78                108
1
78                108
2
537                123
3
537                123
17_59_803
0
95                263
1
95                263
2
454                267
3
454                267